-1290195396 -957093371 33017701 66834936 333932540 506335606 699399805 1132955962 1189942129 1670011401 1945870536 2097130582 2138769264 
-1292293946 -1085853442 -634443843 -238540650 -208351607 426143496 607535891 849801298 982215301 1524825959 1900641312 2071809395 2118845067 
-1560382634 -1415447729 -679001208 -414237099 -408279570 -169312252 273720336 674451384 926927198 1404957126 1890563893 1972393627 2109679291 
-1649352093 -1442469300 -713910636 -580276428 -562707802 -265649729 202582189 630677346 881075069 1231653685 1581204836 1948930017 2104907806 
-1736580559 -1527254627 -818752916 -640659326 -568202621 -397817416 130961331 361906205 558334967 1151243868 1496089533 1720449235 2097209721 
-1831664339 -1635604943 -966711287 -781492628 -568602678 -551490866 -71752151 342096377 525505306 999956531 1438558388 1655057933 2078683779 
-1903092973 -1642086304 -1184606053 -803833939 -586674200 -558509237 -265615101 315865390 508259046 797709514 1293674257 1585672087 2016769849 
-1934981449 -1680969563 -1271871900 -836217209 -671142904 -568471422 -357332306 5236526 387213844 654868571 1291736566 1562328552 1921227311 
-2048648190 -1717502537 -1344821316 -1267334562 -672411447 -590448461 -403210893 -16728865 340438758 616272031 970729262 1520766792 1773404880 
-2053915780 -1784386495 -1472705320 -1302289489 -812381323 -661843287 -446689616 -183881539 194148621 516905002 915131562 1372092199 1659162302 
-2063523565 -1862117862 -1478689386 -1315643841 -853605950 -738328056 -455894819 -184492163 33886463 428731393 866598665 1055981001 1599163664 
-2068130148 -1888887978 -1499634221 -1450916569 -1224370514 -899712982 -612642235 -271965094 32066976 420550974 538099599 1033018206 1528212406 
-2140586676 -1949555017 -1828896122 -1565207777 -1363976439 -1079319117 -626417280 -332870929 -240084352 -40679056 451917610 927694069 1465502363 
